{
 "cells": [
  {
   "cell_type": "code",
   "execution_count": 1,
   "metadata": {},
   "outputs": [],
   "source": [
    "import warnings\n",
    "warnings.filterwarnings(\"ignore\")"
   ]
  },
  {
   "cell_type": "code",
   "execution_count": 2,
   "metadata": {},
   "outputs": [],
   "source": [
    "%load_ext autoreload\n",
    "%autoreload 2\n",
    "%matplotlib inline"
   ]
  },
  {
   "cell_type": "code",
   "execution_count": 3,
   "metadata": {},
   "outputs": [
    {
     "name": "stderr",
     "output_type": "stream",
     "text": [
      "Intel(R) Extension for Scikit-learn* enabled (https://github.com/intel/scikit-learn-intelex)\n"
     ]
    }
   ],
   "source": [
    "import numpy as np\n",
    "import pandas as pd\n",
    "import sys\n",
    "sys.path.append('../modules')\n",
    "import aftSandBox as sb"
   ]
  },
  {
   "cell_type": "code",
   "execution_count": 4,
   "metadata": {},
   "outputs": [
    {
     "name": "stdout",
     "output_type": "stream",
     "text": [
      "grab a cup of coffee. this might take a while :)\n",
      "working on sample size: 2000\n",
      "working on sample size: 5000\n",
      "working on sample size: 10000\n",
      "working on sample size: 15000\n",
      "working on sample size: 20000\n"
     ]
    }
   ],
   "source": [
    "sb. create_dataset(sample_sizes=[2000, 5000, 10000, 15000, 20000], \n",
    "                   n_features=10, \n",
    "                   n_informative=10, \n",
    "                   n_classes=2, \n",
    "                   class_separations=[0.05, 0.1, 0.5, 1, 5, 10, 15, 20], \n",
    "                   p_weights=[0.55, 0.35, 0.10], \n",
    "                   p_feature_size=3, \n",
    "                   p_informative=3, \n",
    "                   p_label='gender', \n",
    "                   save_path='../study_3', \n",
    "                   log=True)"
   ]
  },
  {
   "cell_type": "code",
   "execution_count": null,
   "metadata": {},
   "outputs": [],
   "source": []
  },
  {
   "cell_type": "code",
   "execution_count": 1,
   "metadata": {},
   "outputs": [
    {
     "ename": "NameError",
     "evalue": "name 'pd' is not defined",
     "output_type": "error",
     "traceback": [
      "\u001b[0;31m---------------------------------------------------------------------------\u001b[0m",
      "\u001b[0;31mNameError\u001b[0m                                 Traceback (most recent call last)",
      "\u001b[1;32m/Users/arhink/Documents/GitHub/AccuracyFairnessTradeoff/notebooks/0_generate_data.ipynb Cell 6\u001b[0m line \u001b[0;36m2\n\u001b[1;32m      <a href='vscode-notebook-cell:/Users/arhink/Documents/GitHub/AccuracyFairnessTradeoff/notebooks/0_generate_data.ipynb#W5sZmlsZQ%3D%3D?line=0'>1</a>\u001b[0m \u001b[39m# check dataset\u001b[39;00m\n\u001b[0;32m----> <a href='vscode-notebook-cell:/Users/arhink/Documents/GitHub/AccuracyFairnessTradeoff/notebooks/0_generate_data.ipynb#W5sZmlsZQ%3D%3D?line=1'>2</a>\u001b[0m df \u001b[39m=\u001b[39m pd\u001b[39m.\u001b[39mread_csv(\u001b[39m'\u001b[39m\u001b[39m../output/sample_5000_sep_0.1.csv\u001b[39m\u001b[39m'\u001b[39m)\n\u001b[1;32m      <a href='vscode-notebook-cell:/Users/arhink/Documents/GitHub/AccuracyFairnessTradeoff/notebooks/0_generate_data.ipynb#W5sZmlsZQ%3D%3D?line=2'>3</a>\u001b[0m df\u001b[39m.\u001b[39mkeys()\n",
      "\u001b[0;31mNameError\u001b[0m: name 'pd' is not defined"
     ]
    }
   ],
   "source": [
    "# check dataset\n",
    "df = pd.read_csv('../output/sample_5000_sep_0.1.csv')\n",
    "df.keys()"
   ]
  },
  {
   "cell_type": "code",
   "execution_count": 9,
   "metadata": {},
   "outputs": [
    {
     "data": {
      "text/html": [
       "<div>\n",
       "<style scoped>\n",
       "    .dataframe tbody tr th:only-of-type {\n",
       "        vertical-align: middle;\n",
       "    }\n",
       "\n",
       "    .dataframe tbody tr th {\n",
       "        vertical-align: top;\n",
       "    }\n",
       "\n",
       "    .dataframe thead th {\n",
       "        text-align: right;\n",
       "    }\n",
       "</style>\n",
       "<table border=\"1\" class=\"dataframe\">\n",
       "  <thead>\n",
       "    <tr style=\"text-align: right;\">\n",
       "      <th></th>\n",
       "      <th>var_0</th>\n",
       "      <th>var_1</th>\n",
       "      <th>var_2</th>\n",
       "      <th>var_3</th>\n",
       "      <th>var_4</th>\n",
       "      <th>var_5</th>\n",
       "      <th>var_6</th>\n",
       "      <th>var_7</th>\n",
       "      <th>var_8</th>\n",
       "      <th>var_9</th>\n",
       "      <th>accept</th>\n",
       "      <th>sample_id</th>\n",
       "      <th>proc_feature_0</th>\n",
       "      <th>proc_feature_1</th>\n",
       "      <th>proc_feature_2</th>\n",
       "      <th>gender</th>\n",
       "      <th>protected_id</th>\n",
       "    </tr>\n",
       "  </thead>\n",
       "  <tbody>\n",
       "    <tr>\n",
       "      <th>0</th>\n",
       "      <td>0.326235</td>\n",
       "      <td>0.974202</td>\n",
       "      <td>-0.042332</td>\n",
       "      <td>-0.668869</td>\n",
       "      <td>0.802889</td>\n",
       "      <td>-0.123868</td>\n",
       "      <td>-0.041416</td>\n",
       "      <td>-0.982952</td>\n",
       "      <td>-0.163535</td>\n",
       "      <td>0.667895</td>\n",
       "      <td>1</td>\n",
       "      <td>0</td>\n",
       "      <td>-0.098616</td>\n",
       "      <td>-0.122678</td>\n",
       "      <td>-0.483986</td>\n",
       "      <td>0</td>\n",
       "      <td>0</td>\n",
       "    </tr>\n",
       "    <tr>\n",
       "      <th>1</th>\n",
       "      <td>0.969293</td>\n",
       "      <td>2.996893</td>\n",
       "      <td>2.983787</td>\n",
       "      <td>-3.092499</td>\n",
       "      <td>1.228773</td>\n",
       "      <td>-1.895596</td>\n",
       "      <td>-2.384580</td>\n",
       "      <td>1.605259</td>\n",
       "      <td>0.540517</td>\n",
       "      <td>-1.770344</td>\n",
       "      <td>1</td>\n",
       "      <td>1</td>\n",
       "      <td>1.656381</td>\n",
       "      <td>-2.363797</td>\n",
       "      <td>-1.953936</td>\n",
       "      <td>0</td>\n",
       "      <td>1</td>\n",
       "    </tr>\n",
       "    <tr>\n",
       "      <th>2</th>\n",
       "      <td>0.657665</td>\n",
       "      <td>2.036290</td>\n",
       "      <td>-0.246783</td>\n",
       "      <td>0.435248</td>\n",
       "      <td>2.020841</td>\n",
       "      <td>-1.463851</td>\n",
       "      <td>2.279333</td>\n",
       "      <td>-0.835014</td>\n",
       "      <td>0.918701</td>\n",
       "      <td>1.502132</td>\n",
       "      <td>0</td>\n",
       "      <td>2</td>\n",
       "      <td>-1.765502</td>\n",
       "      <td>-1.098466</td>\n",
       "      <td>1.273632</td>\n",
       "      <td>1</td>\n",
       "      <td>2</td>\n",
       "    </tr>\n",
       "    <tr>\n",
       "      <th>3</th>\n",
       "      <td>-0.954182</td>\n",
       "      <td>-0.524317</td>\n",
       "      <td>0.899419</td>\n",
       "      <td>-1.248206</td>\n",
       "      <td>-1.268580</td>\n",
       "      <td>0.644063</td>\n",
       "      <td>-2.280062</td>\n",
       "      <td>0.229774</td>\n",
       "      <td>-0.125410</td>\n",
       "      <td>-1.637691</td>\n",
       "      <td>1</td>\n",
       "      <td>3</td>\n",
       "      <td>0.090341</td>\n",
       "      <td>-0.417818</td>\n",
       "      <td>0.981393</td>\n",
       "      <td>1</td>\n",
       "      <td>3</td>\n",
       "    </tr>\n",
       "    <tr>\n",
       "      <th>4</th>\n",
       "      <td>-0.410376</td>\n",
       "      <td>1.570919</td>\n",
       "      <td>3.712006</td>\n",
       "      <td>-0.492656</td>\n",
       "      <td>1.152787</td>\n",
       "      <td>-1.733691</td>\n",
       "      <td>0.427069</td>\n",
       "      <td>-0.146154</td>\n",
       "      <td>0.033892</td>\n",
       "      <td>-1.457098</td>\n",
       "      <td>0</td>\n",
       "      <td>4</td>\n",
       "      <td>1.509980</td>\n",
       "      <td>0.768171</td>\n",
       "      <td>1.080376</td>\n",
       "      <td>0</td>\n",
       "      <td>4</td>\n",
       "    </tr>\n",
       "  </tbody>\n",
       "</table>\n",
       "</div>"
      ],
      "text/plain": [
       "      var_0     var_1     var_2     var_3     var_4     var_5     var_6  \\\n",
       "0  0.326235  0.974202 -0.042332 -0.668869  0.802889 -0.123868 -0.041416   \n",
       "1  0.969293  2.996893  2.983787 -3.092499  1.228773 -1.895596 -2.384580   \n",
       "2  0.657665  2.036290 -0.246783  0.435248  2.020841 -1.463851  2.279333   \n",
       "3 -0.954182 -0.524317  0.899419 -1.248206 -1.268580  0.644063 -2.280062   \n",
       "4 -0.410376  1.570919  3.712006 -0.492656  1.152787 -1.733691  0.427069   \n",
       "\n",
       "      var_7     var_8     var_9  accept  sample_id  proc_feature_0  \\\n",
       "0 -0.982952 -0.163535  0.667895       1          0       -0.098616   \n",
       "1  1.605259  0.540517 -1.770344       1          1        1.656381   \n",
       "2 -0.835014  0.918701  1.502132       0          2       -1.765502   \n",
       "3  0.229774 -0.125410 -1.637691       1          3        0.090341   \n",
       "4 -0.146154  0.033892 -1.457098       0          4        1.509980   \n",
       "\n",
       "   proc_feature_1  proc_feature_2  gender  protected_id  \n",
       "0       -0.122678       -0.483986       0             0  \n",
       "1       -2.363797       -1.953936       0             1  \n",
       "2       -1.098466        1.273632       1             2  \n",
       "3       -0.417818        0.981393       1             3  \n",
       "4        0.768171        1.080376       0             4  "
      ]
     },
     "execution_count": 9,
     "metadata": {},
     "output_type": "execute_result"
    }
   ],
   "source": [
    "df.head()"
   ]
  },
  {
   "cell_type": "code",
   "execution_count": 10,
   "metadata": {},
   "outputs": [
    {
     "data": {
      "text/plain": [
       "gender\n",
       "0    2738\n",
       "1    1747\n",
       "2     515\n",
       "Name: count, dtype: int64"
      ]
     },
     "execution_count": 10,
     "metadata": {},
     "output_type": "execute_result"
    }
   ],
   "source": [
    "df['gender'].value_counts()"
   ]
  },
  {
   "cell_type": "code",
   "execution_count": 8,
   "metadata": {},
   "outputs": [
    {
     "data": {
      "text/html": [
       "<div>\n",
       "<style scoped>\n",
       "    .dataframe tbody tr th:only-of-type {\n",
       "        vertical-align: middle;\n",
       "    }\n",
       "\n",
       "    .dataframe tbody tr th {\n",
       "        vertical-align: top;\n",
       "    }\n",
       "\n",
       "    .dataframe thead th {\n",
       "        text-align: right;\n",
       "    }\n",
       "</style>\n",
       "<table border=\"1\" class=\"dataframe\">\n",
       "  <thead>\n",
       "    <tr style=\"text-align: right;\">\n",
       "      <th></th>\n",
       "      <th>var_0</th>\n",
       "      <th>var_1</th>\n",
       "      <th>var_2</th>\n",
       "      <th>var_3</th>\n",
       "      <th>var_4</th>\n",
       "      <th>var_5</th>\n",
       "      <th>var_6</th>\n",
       "      <th>var_7</th>\n",
       "      <th>var_8</th>\n",
       "      <th>var_9</th>\n",
       "      <th>proc_feature_0</th>\n",
       "      <th>proc_feature_1</th>\n",
       "      <th>proc_feature_2</th>\n",
       "      <th>gender</th>\n",
       "      <th>accept</th>\n",
       "    </tr>\n",
       "  </thead>\n",
       "  <tbody>\n",
       "    <tr>\n",
       "      <th>var_0</th>\n",
       "      <td>1.000000</td>\n",
       "      <td>0.098599</td>\n",
       "      <td>-0.093189</td>\n",
       "      <td>0.249558</td>\n",
       "      <td>0.199608</td>\n",
       "      <td>0.057527</td>\n",
       "      <td>0.434760</td>\n",
       "      <td>0.162441</td>\n",
       "      <td>0.200398</td>\n",
       "      <td>0.213781</td>\n",
       "      <td>-0.001583</td>\n",
       "      <td>-0.021420</td>\n",
       "      <td>0.012168</td>\n",
       "      <td>0.011709</td>\n",
       "      <td>-0.013478</td>\n",
       "    </tr>\n",
       "    <tr>\n",
       "      <th>var_1</th>\n",
       "      <td>0.098599</td>\n",
       "      <td>1.000000</td>\n",
       "      <td>-0.179424</td>\n",
       "      <td>-0.028913</td>\n",
       "      <td>0.111630</td>\n",
       "      <td>-0.174310</td>\n",
       "      <td>0.076319</td>\n",
       "      <td>0.133602</td>\n",
       "      <td>-0.055472</td>\n",
       "      <td>0.075719</td>\n",
       "      <td>0.004680</td>\n",
       "      <td>-0.002623</td>\n",
       "      <td>0.004596</td>\n",
       "      <td>0.009961</td>\n",
       "      <td>-0.040703</td>\n",
       "    </tr>\n",
       "    <tr>\n",
       "      <th>var_2</th>\n",
       "      <td>-0.093189</td>\n",
       "      <td>-0.179424</td>\n",
       "      <td>1.000000</td>\n",
       "      <td>-0.088024</td>\n",
       "      <td>-0.043503</td>\n",
       "      <td>-0.057310</td>\n",
       "      <td>-0.146332</td>\n",
       "      <td>0.039728</td>\n",
       "      <td>-0.020651</td>\n",
       "      <td>-0.258125</td>\n",
       "      <td>0.019467</td>\n",
       "      <td>0.012567</td>\n",
       "      <td>-0.004428</td>\n",
       "      <td>-0.015676</td>\n",
       "      <td>-0.071926</td>\n",
       "    </tr>\n",
       "    <tr>\n",
       "      <th>var_3</th>\n",
       "      <td>0.249558</td>\n",
       "      <td>-0.028913</td>\n",
       "      <td>-0.088024</td>\n",
       "      <td>1.000000</td>\n",
       "      <td>-0.209869</td>\n",
       "      <td>0.083818</td>\n",
       "      <td>0.379308</td>\n",
       "      <td>0.230474</td>\n",
       "      <td>0.150726</td>\n",
       "      <td>0.222721</td>\n",
       "      <td>-0.023019</td>\n",
       "      <td>0.007914</td>\n",
       "      <td>-0.009679</td>\n",
       "      <td>0.016516</td>\n",
       "      <td>0.004493</td>\n",
       "    </tr>\n",
       "    <tr>\n",
       "      <th>var_4</th>\n",
       "      <td>0.199608</td>\n",
       "      <td>0.111630</td>\n",
       "      <td>-0.043503</td>\n",
       "      <td>-0.209869</td>\n",
       "      <td>1.000000</td>\n",
       "      <td>-0.033919</td>\n",
       "      <td>-0.125988</td>\n",
       "      <td>-0.300995</td>\n",
       "      <td>0.087742</td>\n",
       "      <td>-0.115058</td>\n",
       "      <td>0.003406</td>\n",
       "      <td>-0.006288</td>\n",
       "      <td>0.017019</td>\n",
       "      <td>0.002885</td>\n",
       "      <td>0.054093</td>\n",
       "    </tr>\n",
       "    <tr>\n",
       "      <th>var_5</th>\n",
       "      <td>0.057527</td>\n",
       "      <td>-0.174310</td>\n",
       "      <td>-0.057310</td>\n",
       "      <td>0.083818</td>\n",
       "      <td>-0.033919</td>\n",
       "      <td>1.000000</td>\n",
       "      <td>-0.009373</td>\n",
       "      <td>0.008393</td>\n",
       "      <td>-0.030339</td>\n",
       "      <td>-0.081574</td>\n",
       "      <td>0.003492</td>\n",
       "      <td>-0.001200</td>\n",
       "      <td>-0.007682</td>\n",
       "      <td>0.011431</td>\n",
       "      <td>-0.009235</td>\n",
       "    </tr>\n",
       "    <tr>\n",
       "      <th>var_6</th>\n",
       "      <td>0.434760</td>\n",
       "      <td>0.076319</td>\n",
       "      <td>-0.146332</td>\n",
       "      <td>0.379308</td>\n",
       "      <td>-0.125988</td>\n",
       "      <td>-0.009373</td>\n",
       "      <td>1.000000</td>\n",
       "      <td>0.104780</td>\n",
       "      <td>0.020446</td>\n",
       "      <td>0.143839</td>\n",
       "      <td>-0.016736</td>\n",
       "      <td>-0.019251</td>\n",
       "      <td>-0.006788</td>\n",
       "      <td>0.012282</td>\n",
       "      <td>-0.003043</td>\n",
       "    </tr>\n",
       "    <tr>\n",
       "      <th>var_7</th>\n",
       "      <td>0.162441</td>\n",
       "      <td>0.133602</td>\n",
       "      <td>0.039728</td>\n",
       "      <td>0.230474</td>\n",
       "      <td>-0.300995</td>\n",
       "      <td>0.008393</td>\n",
       "      <td>0.104780</td>\n",
       "      <td>1.000000</td>\n",
       "      <td>0.106123</td>\n",
       "      <td>0.054463</td>\n",
       "      <td>-0.002450</td>\n",
       "      <td>-0.010260</td>\n",
       "      <td>0.002446</td>\n",
       "      <td>0.005370</td>\n",
       "      <td>0.005779</td>\n",
       "    </tr>\n",
       "    <tr>\n",
       "      <th>var_8</th>\n",
       "      <td>0.200398</td>\n",
       "      <td>-0.055472</td>\n",
       "      <td>-0.020651</td>\n",
       "      <td>0.150726</td>\n",
       "      <td>0.087742</td>\n",
       "      <td>-0.030339</td>\n",
       "      <td>0.020446</td>\n",
       "      <td>0.106123</td>\n",
       "      <td>1.000000</td>\n",
       "      <td>0.155671</td>\n",
       "      <td>-0.005532</td>\n",
       "      <td>0.014877</td>\n",
       "      <td>0.006435</td>\n",
       "      <td>0.021732</td>\n",
       "      <td>0.037113</td>\n",
       "    </tr>\n",
       "    <tr>\n",
       "      <th>var_9</th>\n",
       "      <td>0.213781</td>\n",
       "      <td>0.075719</td>\n",
       "      <td>-0.258125</td>\n",
       "      <td>0.222721</td>\n",
       "      <td>-0.115058</td>\n",
       "      <td>-0.081574</td>\n",
       "      <td>0.143839</td>\n",
       "      <td>0.054463</td>\n",
       "      <td>0.155671</td>\n",
       "      <td>1.000000</td>\n",
       "      <td>0.007837</td>\n",
       "      <td>-0.017168</td>\n",
       "      <td>0.001176</td>\n",
       "      <td>-0.013942</td>\n",
       "      <td>0.052277</td>\n",
       "    </tr>\n",
       "    <tr>\n",
       "      <th>proc_feature_0</th>\n",
       "      <td>-0.001583</td>\n",
       "      <td>0.004680</td>\n",
       "      <td>0.019467</td>\n",
       "      <td>-0.023019</td>\n",
       "      <td>0.003406</td>\n",
       "      <td>0.003492</td>\n",
       "      <td>-0.016736</td>\n",
       "      <td>-0.002450</td>\n",
       "      <td>-0.005532</td>\n",
       "      <td>0.007837</td>\n",
       "      <td>1.000000</td>\n",
       "      <td>0.233509</td>\n",
       "      <td>0.183565</td>\n",
       "      <td>-0.450501</td>\n",
       "      <td>-0.018487</td>\n",
       "    </tr>\n",
       "    <tr>\n",
       "      <th>proc_feature_1</th>\n",
       "      <td>-0.021420</td>\n",
       "      <td>-0.002623</td>\n",
       "      <td>0.012567</td>\n",
       "      <td>0.007914</td>\n",
       "      <td>-0.006288</td>\n",
       "      <td>-0.001200</td>\n",
       "      <td>-0.019251</td>\n",
       "      <td>-0.010260</td>\n",
       "      <td>0.014877</td>\n",
       "      <td>-0.017168</td>\n",
       "      <td>0.233509</td>\n",
       "      <td>1.000000</td>\n",
       "      <td>0.019389</td>\n",
       "      <td>0.015310</td>\n",
       "      <td>-0.007592</td>\n",
       "    </tr>\n",
       "    <tr>\n",
       "      <th>proc_feature_2</th>\n",
       "      <td>0.012168</td>\n",
       "      <td>0.004596</td>\n",
       "      <td>-0.004428</td>\n",
       "      <td>-0.009679</td>\n",
       "      <td>0.017019</td>\n",
       "      <td>-0.007682</td>\n",
       "      <td>-0.006788</td>\n",
       "      <td>0.002446</td>\n",
       "      <td>0.006435</td>\n",
       "      <td>0.001176</td>\n",
       "      <td>0.183565</td>\n",
       "      <td>0.019389</td>\n",
       "      <td>1.000000</td>\n",
       "      <td>-0.162434</td>\n",
       "      <td>-0.024635</td>\n",
       "    </tr>\n",
       "    <tr>\n",
       "      <th>gender</th>\n",
       "      <td>0.011709</td>\n",
       "      <td>0.009961</td>\n",
       "      <td>-0.015676</td>\n",
       "      <td>0.016516</td>\n",
       "      <td>0.002885</td>\n",
       "      <td>0.011431</td>\n",
       "      <td>0.012282</td>\n",
       "      <td>0.005370</td>\n",
       "      <td>0.021732</td>\n",
       "      <td>-0.013942</td>\n",
       "      <td>-0.450501</td>\n",
       "      <td>0.015310</td>\n",
       "      <td>-0.162434</td>\n",
       "      <td>1.000000</td>\n",
       "      <td>0.041373</td>\n",
       "    </tr>\n",
       "    <tr>\n",
       "      <th>accept</th>\n",
       "      <td>-0.013478</td>\n",
       "      <td>-0.040703</td>\n",
       "      <td>-0.071926</td>\n",
       "      <td>0.004493</td>\n",
       "      <td>0.054093</td>\n",
       "      <td>-0.009235</td>\n",
       "      <td>-0.003043</td>\n",
       "      <td>0.005779</td>\n",
       "      <td>0.037113</td>\n",
       "      <td>0.052277</td>\n",
       "      <td>-0.018487</td>\n",
       "      <td>-0.007592</td>\n",
       "      <td>-0.024635</td>\n",
       "      <td>0.041373</td>\n",
       "      <td>1.000000</td>\n",
       "    </tr>\n",
       "  </tbody>\n",
       "</table>\n",
       "</div>"
      ],
      "text/plain": [
       "                   var_0     var_1     var_2     var_3     var_4     var_5  \\\n",
       "var_0           1.000000  0.098599 -0.093189  0.249558  0.199608  0.057527   \n",
       "var_1           0.098599  1.000000 -0.179424 -0.028913  0.111630 -0.174310   \n",
       "var_2          -0.093189 -0.179424  1.000000 -0.088024 -0.043503 -0.057310   \n",
       "var_3           0.249558 -0.028913 -0.088024  1.000000 -0.209869  0.083818   \n",
       "var_4           0.199608  0.111630 -0.043503 -0.209869  1.000000 -0.033919   \n",
       "var_5           0.057527 -0.174310 -0.057310  0.083818 -0.033919  1.000000   \n",
       "var_6           0.434760  0.076319 -0.146332  0.379308 -0.125988 -0.009373   \n",
       "var_7           0.162441  0.133602  0.039728  0.230474 -0.300995  0.008393   \n",
       "var_8           0.200398 -0.055472 -0.020651  0.150726  0.087742 -0.030339   \n",
       "var_9           0.213781  0.075719 -0.258125  0.222721 -0.115058 -0.081574   \n",
       "proc_feature_0 -0.001583  0.004680  0.019467 -0.023019  0.003406  0.003492   \n",
       "proc_feature_1 -0.021420 -0.002623  0.012567  0.007914 -0.006288 -0.001200   \n",
       "proc_feature_2  0.012168  0.004596 -0.004428 -0.009679  0.017019 -0.007682   \n",
       "gender          0.011709  0.009961 -0.015676  0.016516  0.002885  0.011431   \n",
       "accept         -0.013478 -0.040703 -0.071926  0.004493  0.054093 -0.009235   \n",
       "\n",
       "                   var_6     var_7     var_8     var_9  proc_feature_0  \\\n",
       "var_0           0.434760  0.162441  0.200398  0.213781       -0.001583   \n",
       "var_1           0.076319  0.133602 -0.055472  0.075719        0.004680   \n",
       "var_2          -0.146332  0.039728 -0.020651 -0.258125        0.019467   \n",
       "var_3           0.379308  0.230474  0.150726  0.222721       -0.023019   \n",
       "var_4          -0.125988 -0.300995  0.087742 -0.115058        0.003406   \n",
       "var_5          -0.009373  0.008393 -0.030339 -0.081574        0.003492   \n",
       "var_6           1.000000  0.104780  0.020446  0.143839       -0.016736   \n",
       "var_7           0.104780  1.000000  0.106123  0.054463       -0.002450   \n",
       "var_8           0.020446  0.106123  1.000000  0.155671       -0.005532   \n",
       "var_9           0.143839  0.054463  0.155671  1.000000        0.007837   \n",
       "proc_feature_0 -0.016736 -0.002450 -0.005532  0.007837        1.000000   \n",
       "proc_feature_1 -0.019251 -0.010260  0.014877 -0.017168        0.233509   \n",
       "proc_feature_2 -0.006788  0.002446  0.006435  0.001176        0.183565   \n",
       "gender          0.012282  0.005370  0.021732 -0.013942       -0.450501   \n",
       "accept         -0.003043  0.005779  0.037113  0.052277       -0.018487   \n",
       "\n",
       "                proc_feature_1  proc_feature_2    gender    accept  \n",
       "var_0                -0.021420        0.012168  0.011709 -0.013478  \n",
       "var_1                -0.002623        0.004596  0.009961 -0.040703  \n",
       "var_2                 0.012567       -0.004428 -0.015676 -0.071926  \n",
       "var_3                 0.007914       -0.009679  0.016516  0.004493  \n",
       "var_4                -0.006288        0.017019  0.002885  0.054093  \n",
       "var_5                -0.001200       -0.007682  0.011431 -0.009235  \n",
       "var_6                -0.019251       -0.006788  0.012282 -0.003043  \n",
       "var_7                -0.010260        0.002446  0.005370  0.005779  \n",
       "var_8                 0.014877        0.006435  0.021732  0.037113  \n",
       "var_9                -0.017168        0.001176 -0.013942  0.052277  \n",
       "proc_feature_0        0.233509        0.183565 -0.450501 -0.018487  \n",
       "proc_feature_1        1.000000        0.019389  0.015310 -0.007592  \n",
       "proc_feature_2        0.019389        1.000000 -0.162434 -0.024635  \n",
       "gender                0.015310       -0.162434  1.000000  0.041373  \n",
       "accept               -0.007592       -0.024635  0.041373  1.000000  "
      ]
     },
     "execution_count": 8,
     "metadata": {},
     "output_type": "execute_result"
    }
   ],
   "source": [
    "df[['var_0', 'var_1', 'var_2', 'var_3', 'var_4', 'var_5', 'var_6', 'var_7','var_8', 'var_9','proc_feature_0','proc_feature_1', 'proc_feature_2', 'gender','accept']].corr()"
   ]
  },
  {
   "cell_type": "code",
   "execution_count": 12,
   "metadata": {},
   "outputs": [
    {
     "data": {
      "text/html": [
       "<div>\n",
       "<style scoped>\n",
       "    .dataframe tbody tr th:only-of-type {\n",
       "        vertical-align: middle;\n",
       "    }\n",
       "\n",
       "    .dataframe tbody tr th {\n",
       "        vertical-align: top;\n",
       "    }\n",
       "\n",
       "    .dataframe thead tr th {\n",
       "        text-align: left;\n",
       "    }\n",
       "\n",
       "    .dataframe thead tr:last-of-type th {\n",
       "        text-align: right;\n",
       "    }\n",
       "</style>\n",
       "<table border=\"1\" class=\"dataframe\">\n",
       "  <thead>\n",
       "    <tr>\n",
       "      <th></th>\n",
       "      <th>mean</th>\n",
       "    </tr>\n",
       "    <tr>\n",
       "      <th></th>\n",
       "      <th>accept</th>\n",
       "    </tr>\n",
       "    <tr>\n",
       "      <th>gender</th>\n",
       "      <th></th>\n",
       "    </tr>\n",
       "  </thead>\n",
       "  <tbody>\n",
       "    <tr>\n",
       "      <th>0</th>\n",
       "      <td>0.476625</td>\n",
       "    </tr>\n",
       "    <tr>\n",
       "      <th>1</th>\n",
       "      <td>0.524327</td>\n",
       "    </tr>\n",
       "    <tr>\n",
       "      <th>2</th>\n",
       "      <td>0.520388</td>\n",
       "    </tr>\n",
       "  </tbody>\n",
       "</table>\n",
       "</div>"
      ],
      "text/plain": [
       "            mean\n",
       "          accept\n",
       "gender          \n",
       "0       0.476625\n",
       "1       0.524327\n",
       "2       0.520388"
      ]
     },
     "execution_count": 12,
     "metadata": {},
     "output_type": "execute_result"
    }
   ],
   "source": [
    "pd.pivot_table(df,\n",
    "               index=['gender'],\n",
    "               values=['accept'],\n",
    "               aggfunc=['mean'],\n",
    ")"
   ]
  },
  {
   "cell_type": "code",
   "execution_count": null,
   "metadata": {},
   "outputs": [],
   "source": []
  },
  {
   "cell_type": "code",
   "execution_count": null,
   "metadata": {},
   "outputs": [],
   "source": []
  }
 ],
 "metadata": {
  "kernelspec": {
   "display_name": "Python 3",
   "language": "python",
   "name": "python3"
  },
  "language_info": {
   "codemirror_mode": {
    "name": "ipython",
    "version": 3
   },
   "file_extension": ".py",
   "mimetype": "text/x-python",
   "name": "python",
   "nbconvert_exporter": "python",
   "pygments_lexer": "ipython3",
   "version": "3.11.5"
  }
 },
 "nbformat": 4,
 "nbformat_minor": 2
}
